0000222222220000	bas 0
0002222222222000
0022722222272200
0027777777777200
0027727777277200
0027727777277200
0027777777777200
0022777777772200
0002222222222000
0221212552121220
2522112552112252
2511112552111152
0252112552112520
0025555555555200
0002559999552000
0000222992220000
0000000220000000	bas 1 - bis
0000002552000000
0000002552000000
0000002552000000
0000002552000000
0000029999200000
0000002992000000
0000000000000000
0000000000000000
0000000000000000
0000000000000000
0000000000000000
0000000000000000
0000000000000000
0000000000000000
0000000000000000
0000000000000000	bas 2 - bis
0000000000000000
0000000000000000
0000000000000000
0000000000000000
0000000000000000
0000000000000000
0000000000000000
0000000220000000
0000002552000000
0000002552000000
0000002552000000
0000002552000000
0000029999200000
0000002992000000
0000000000000000
0000000000000000	bas 2 - bis
0000000000000000
0000000000000000
0000000000000000
0000000000000000
0000000000000000
0000000000000000
0000000000000000
0000000220000000
0000002552000000
0000002552000000
0000002552000000
0000002552000000
0000029999200000
0000002992000000
0000000000000000
