0000222222220000	bas 0
0002222222222000
0022722222272200
0027777777777200
0027727777277200
0027727777277200
0027777777777200
0022777777772200
0002222222222000
0221212552121220
2522112552112252
2511112552111152
0252112552112520
0025555555555200
0002559999552000
0000222992220000
0000000000000000	bas 1 - bis
0000000000000000
0000000000000000
0000000000000000
0000000000000000
0000000000000000
0000000000000000
0000002552000000
0000002552000000
0000002552000000
0000002552000000
0000002552000000
0000002552000000
0000029999200000
0000002992000000
0000000000000000
0000000000000000
0000222222220000	haut 0
0002222222222000
0022222222222200
0027722222277200
0027777777777200
0027777777777200
2527777777777252
5527777777777255
5522222222222255
0221111111111200
0221111111111220
0221111111111220
0222111111111220
0002222222222200
0002552002552000
0000222002220000
0000000000000000	haut 1 - bis
0000000000000000
0000002992000000
0000029999200000
0000002552000000
0000002552000000
0000002552000000
0000002552000000
0000002552000000
0000002552000000
0000002552000000
0000000000000000
0000000000000000
0000000000000000
0000000000000000
0000000000000000
0000222222220000	droit 0
0002222222222000
0022222222222200
0222222777777200
0222227777255220
0222277777275520
0227777777277520
0022777777272520
0002222222222592
0021111111212599
0021111111227599
0021111112227592
0021111111225520
0002222222255520
0002552002552202
0002220002220000
0000000000000000	droit1  
0000000000000000
0000000000000000
0000000000000000
0000000000000000
0000000000020000
0000222222292200
0000255555599920
0000255555599920
0000222222292200
0000000000020000
0000000000000000
0000000000000000
0000000000000000
0000000000000000
0000000000000000
0000222222220000	gauche0
0002222222222000
0022222222222200
0027777772222220
0027727777222220
0027727777722220
0027777777777220
2022777777772200
2002222222222000
9222111111111200
9277211111111200
9277211111111200
9222111111111200
9202222222222000
2002552002552000
0000222000222000
0000000000000000	gauche1
0000000000000000
0000000000000000
0000000000000000
0000000000000000
0000200000020000
0022922222222000
0299955555552000
0299955555552000
0022922222222000
0000200000000000
0000000000000000
0000000000000000
0000000000000000
0000000000000000
0000000000000000
