[288,352,./map/tuto2,0,07,1,]
[288,160,./map/tuto2,1,12,1,]
[256,224,./map/tuto3,0,07,1,]
[352,160,./map/tuto3,1,12,1,]
[320,544,./map/tuto6,0,07,1,]
[384,128,./map/tuto6,1,12,1,]
[128,352,./map/map0-0,0,06,1,]
[320,192,./map/mausole2,0,08,1,]
[160,288,./map/map2-0,0,06,1,]
[416,128,./map/map2-0,0,06,1,]
[480,128,./map/map2-0,0,06,1,]
[448,128,./map/map2-0,0,06,1,]
[416,320,./map/map2-0,0,08,1,]
@
[./map/map2-0,map2-0,284,320,2,0,0,]
@
[41,17,True,True,1595,0,]
@
@
[288,544,]
[320,512,]
[320,544,]
[288,576,]
[320,576,]
[352,544,]
[416,544,]
[448,544,]
[416,576,]
[448,576,]
[480,544,]
[480,576,]
[512,544,]
[512,576,]
[448,512,]
[480,512,]
[512,480,]
[544,480,]
[512,448,]
[544,448,]
[512,416,]
[544,416,]
@
