[288,352,./map/tuto2,0,07,1,]
[288,160,./map/tuto2,1,12,1,]
[256,224,./map/tuto3,0,07,1,]
[352,160,./map/tuto3,1,12,1,]
[320,544,./map/tuto6,0,07,1,]
[384,128,./map/tuto6,1,12,1,]
[192,448,./map/grotte3-3,0,06,1,]
[160,448,./map/grotte3-3,0,06,1,]
[160,288,./map/grotte3-2,0,07,1,]
[416,224,./map/grotte3-1,1,12,1,]
[416,448,./map/grotte3-1,0,06,1,]
[448,416,./map/grotte3-1,0,06,1,]
[448,384,./map/grotte3-1,0,08,1,]
[384,448,./map/grotte3-1,0,06,1,]
[448,96,./map/map2-1,0,06,1,]
[416,96,./map/map2-1,0,06,1,]
[128,352,./map/map0-0,0,05,1,]
[320,480,./map/BoisSoluce2,0,70,1,]
[352,256,./map/map1-1,1,11,1,]
[256,288,./map/Manoir1,0,07,1,]
[256,224,./map/Manoir2,0,07,1,]
[288,288,./map/manoir1,1,12,1,]
[288,192,./map/manoir1,1,12,1,]
[128,192,./map/donjon2,0,07,1,]
[192,192,./map/temple1,1,12,1,]
[320,352,./map/temple2,0,06,1,]
[256,224,./map/temple6,0,07,1,]
[128,96,./map/temple2,1,12,1,]
[256,224,./map/miniboss,0,07,1,]
[384,192,./map/temple4,1,11,1,]
@
[./map/temple4,temple4,384,208,1,1,0,30,20,]
@
[4,14,True,True,945,0,0,]
@
@
[352,416,]
[352,448,]
[384,416,]
[384,448,]
[416,416,]
[416,448,]
[416,480,]
[384,480,]
[352,480,]
[384,384,]
[384,352,]
[416,352,]
[416,384,]
@
[True,True,True,True,True,True,True,False,False,]
@
