0000000000000000000000000000000000000000
0000000000000000000000000000000000000000
0000000000000000000000000000000000000000
0000000000000000000000000000000000000000
0000000000000000000000000000000000000000
0000000000000000000000000000000000000000
0000000000000000000000000000000000000000
0000000000000000000013130000000000000000
0000000000001113131313130800000000000000
0000000000001407070707071500000000000000
0000000000001413070707131500000000000000
0000000000001413071307131500000000000000
0000000000001012070707120900000000000000
0000000000000000140715000000000000000000
0000000000000000100709000000000000000000
0000000000000000001700000000000000000000
0000000000000000000000000000000000000000
0000000000000000000000000000000000000000
0000000000000000000000000000000000000000
0000000000000000000000000000000000000000
0000000000000000000000000000000000000000
0000000000000000000000000000000000000000
0000000000000000000000000000000000000000
0000000000000000000000000000000000000000
0000000000000000000000000000000000000000
0000000000000000000000000000000000000000
0000000000000000000000000000000000000000
0000000000425656565656565641000000000000
0000000000420000000000000041000000000000
0000000000420000000000000041000000000000
0000000000420000000000000041000000000000
0000000000420000000000000041000000000000
0000000000420000000000000041000000000000
0000000000134547000000484546000000000000
0000000000000042000000410000000000000000
0000000000000013470048460000000000000000
0000000000000000134546000000000000000000
0000000000000000000000000000000000000000
0000000000000000000000000000000000000000
0000000000000000000000000000000000000000
0000000000000000000000000000000000000000
0000000000000000000000000000000000000000
0000000000000000000000000000000000000000
0000000000000000000000000000000000000000
0000000000000000000000000000000000000000
0000000000000000000000000000000000000000
0000000000000000000000000000000000000000
0000000000000000000000000000000000000000
0000000000000000000000000000000000000000
0000000000000000000000000000000000000000
0000000000000000000000000000000000000000
0000000000000000000000000000000000000000
0000000000000000000000000000000000000000
0000000000000000000000000000000000000000
0000000000000000000000000000000000000000
0000000000000000000000000000000000000000
0000000000000000000000000000000000000000
0000000000000000000000000000000000000000
0000000000000000000000000000000000000000
0000000000000000000000000000000000000000
0000000000000000000000000000000000000000
0000000000000000000000000000000000000000
0000000000000000000000000000000000000000
0000000000000000000000000000000000000000
0000000000000000000000000000000000000000
0000000000000000000000000000000000000000
0000000000000000000000000000000000000000
0000000000000030002800300000000000000000
0000000000000000000000000000000000000000
0000000000000000000000000000000000000000
0000000000000008000500060000000000000000
0000000000000000000000000000000000000000
0000000000000000000000000000000000000000
0000000000000000560056000000000000000000
0000000000000000000000000000000000000000
0000000000000000001800000000000000000000
0000000000000000000000000000000000000000
0000000000000000000000000000000000000000
0000000000000000000000000000000000000000
0000000000000000000000000000000000000000