0000222222220000
0002222222222000
0022722222272200
0027777777777200
0027727777277200
0027727777277200
0027777777777200
0022777777772200
0002222222222000
0002229211111220
0227729222222220
2927729244444442
0222229222222220
0002229222222000
0002552002552000
0000222002220000
0000000000000000
0000000000000000
0000000000000000
0000000000000000
0000000000000000
0000000000000000
0000000000000000
0000000000000000
0000000000000000
0000000000000000
0000000000000000
0000000000000000
0000000000000000
0000000000000000
0000000000000000
0000000000000000
0000222222220000
0002222222222000
0022722222272200
0027777777777200
0027727777277200
0027727777277200
0027777777777200
0022777777772200
2202222222222000
9221222111111420
2772992111114472
2722921111142744
0229221114412440
2992422242224404
2922442042542040
2200244202440004
0000024420000440
0000002442044000
0000000244200000
0000000024200000
0000000002200000
0000000000000000
0000000000000000
0000000000000000
0000000000000000
0000000000000000
0000000000000000
0000000000000000
0000000000000000
0000000000000000
0000000000000000
0000000000000000
0000222222220000
0002222222222000
0022722222272200
0027777777777200
0027727777277200
0027727777277200
0027777777777200
0022777777772200
0022222222222000
0022111111111220
0277211111112772
0277211111112772
0222221111112220
2999992222222000
0222220002552000
0024200002220000
0024200000000000
0024200000000000
0024200000000000
0024200000000000
0024200000000000
0024200000000000
0024200000000000
0002000000000000
0000000000000000
0000000000000000
0000000000000000
0000000000000000
0000000000000000
0000000000000000
0000000000000000
0000000000000000
0000222222220000
0002222222222000
0022222222222200
0027722222277200
0027777777777200
0027777777777200
0027777777777200
0022777777772200
0002222222222000
0221111111111200
2772111111111220
2772111111111292
0222111111111220
0002222222222200
0002552002552000
0000222002220000
0000000000000000
0000000000000000
0000000000000000
0000000000000000
0000000000000000
0000000000000000
0000000000000000
0000000000000000
0000000000000000
0000000000000000
0000000000000000
0000000000000000
0000000000000000
0000000000000000
0000000000000000
0000000000000000
4000222222220022
0402222222222292
4022222222222292
0427722222277220
4427777777777272
0027777777777272
0027777777777229
0022777777772222
0002222222222000
0221111111111200
2772111111111200
2772111111111200
0222111111111200
0002222222222200
0002552002552000
0000222002220000
0000000000000000
0000000000000000
0000000000000000
0000000000000000
0000000000000000
0000000000000000
0000000000000000
0000000000000000
0000000000000000
0000000000000000
0000000000000000
0000022000000000
0000024200000000
0000024420000000
0004402442000000
0440000244200000
0000222222224200
0002222222222220
0022222222222292
0027722222277220
0027777777777200
0027777777777200
0027777777777200
0022777777772200
0002222222222200
0221111111111200
2721111111111200
2721111111111200
0221111111111200
0022222222222200
0002552002552000
0000222002220000
0000000000000000
0000000000000000
0000000000000000
0000000000000000
0000000000000000
0000000000000000
0000000000000000
0000000000000000
0000000000002000
0000000000024200
0000000000024200
0000000000024200
0000000000024200
0000000000024200
0000000000024200
0000000000024200
0000222222220000
0002222222222000
0022222222222200
0222222777777200
0222227777277200
0222277777277200
0227777777772200
0022777777729202
0002222222229922
0021111111112292
0021111111127729
0021111111127729
0021111111292202
0002222222222000
0002552002552000
0002220002220000
0000000000000000
0000022000000000
0000242000000000
0002420000000000
0024200000000000
0242000000000000
2420000000000000
4200000000000000
2000000000000000
0000000000000000
2000000000000000
9200000000000000
2000000000000000
0000000000000000
0000000000000000
0000000000000000
0000222222220000
0002222222222000
0022222222222200
0222222777777200
0222227777277200
0222277777277200
0227777777777200
0022777777772200
0002222222222002
0021111111112229
0021111111227729
0021111112927729
0021111111222229
0002222222222029
0002552002552002
0002220002220000
0000000000000000
0000000000000000
0000000000000000
0000000000000000
4004400000000000
4400440040000000
0440044040000000
0044004040000000
0004000040000000
2000000000000000
2222222220000000
2444444442000000
2222222220000000
2000000000000000
0000000000000000
0000000000000000
0000222222220000
0002222222222000
0022222222222200
0222222777777200
0222227777277200
0222277777277200
0227777777777200
0022777777772200
0002222222222002
0021111111112229
0021111111227729
0021111112927729
0021111111222229
0002222222222029
0002552002552002
0002220002220000
0000000000000000
0000000000000000
0000000000000000
0000000000000000
0000000000000000
0000000000000000
0000000000000000
0000000000000000
0000000000000000
2000000000000000
2222222220000000
2444444442000000
2222222220000000
2000000000000000
0000000000000000
0000000000000000
0000222222220000
0002222222222000
0022222222222200
0027777772222220
0027727777222220
0027727777722220
0027777777777220
2022777777772200
2292222222222000
2922111111111200
9277211111111200
9277211111111200
2022111111111200
0002222222222000
0002552002552000
0000222000222000
0000000000000000
0000000002200000
0000000002420000
0000000000242000
0000000000024200
0000000000002420
0000000000000242
0000000000000024
0000000000000002
0000000000000000
0000000000000002
0000000000000029
0000000000000002
0000000000000000
0000000000000000
0000000000000000
0000222222220000
0002222222222000
0022222222222200
0027777772222220
0027727777222220
0027727777722220
0027777777777220
2022777777772200
2002222222222000
9222111111111200
9277211111111200
9277211111111200
9222111111111200
9202222222222000
2002552002552000
0000222000222000
0000000000000000
0000000000000000
0000000000000000
0000000000000000
0000000000044004
0000000400440044
0000000404400440
0000000404004400
0000000400004000
0000000000000002
0000000222222222
0000002444444442
0000000222222222
0000000000000002
0000000000000000
0000000000000000
0000222222220000
0002222222222000
0022222222222200
0027777772222220
0027727777222220
0027727777722220
0027777777777220
2022777777772200
2002222222222000
9222111111111200
9277211111111200
9277211111111200
9222111111111200
9202222222222000
2002552002552000
0000222000222000
0000000000000000
0000000000000000
0000000000000000
0000000000000000
0000000000000000
0000000000000000
0000000000000000
0000000000000000
0000000000000000
0000000000000002
0000000222222222
0000002444444442
0000000222222222
0000000000000002
0000000000000000
0000000000000000
