0002222200000000
<<<<<<< HEAD
0029999920000000
0299999992000000
2299999999200000
2929999999200000
2929999996200000
2299999996200000
2299999966200000
0266999662000000
=======
0026666620000000
0266666662000000
2266666666200000
2626666666200000
2626666666200000
2266666666200000
2266666666200000
0266666662000000
>>>>>>> 5e455d7f93049b332546af60bbb796ea04f074f0
0026666622000000
0002222262000000
0002666662200000
0002266666200000
0000222266220000
0000002666622200
<<<<<<< HEAD
0000000222666220
=======
0000000222666220
>>>>>>> 5e455d7f93049b332546af60bbb796ea04f074f0
