0000000022222000
<<<<<<< HEAD
0000000299999200
0000002999999920
0000029999999922
0000029999999292
0000026999999292
0000026999999922
0000026699999922
0000002669996620
=======
0000000266666200
0000002666666620
0000026666666622
0000026666666262
0000026666666262
0000026666666622
0000026666666622
0000002666666620
>>>>>>> 5e455d7f93049b332546af60bbb796ea04f074f0
0000002266666200
0000002622222000
0000022666662000
0000026666622000
0000226622220000
0022266662000000
<<<<<<< HEAD
0226662220000000
=======
0226662220000000
>>>>>>> 5e455d7f93049b332546af60bbb796ea04f074f0
