0000022222000000
<<<<<<< HEAD
0000299999200000
0002999999620000
0029992299962000
0029929929962000
0029929929962000
0026992299962000
0026999999662000
0002699996620000
=======
0000266666200000
0002666666620000
0026662266662000
0026626626662000
0026626626662000
0026662266662000
0026666666662000
0002666666620000
>>>>>>> 5e455d7f93049b332546af60bbb796ea04f074f0
0000266666200000
0000222222200000
0000266666200000
0000226662200000
0222202666200000
2266622662000000
<<<<<<< HEAD
2662666622000000
=======
2662666622000000
>>>>>>> 5e455d7f93049b332546af60bbb796ea04f074f0
