0000022222200000
<<<<<<< HEAD
0000211111120000
0000222222220000
0000211111120000
0000222222220000
0002292222922000
0029299999929200
0029992992999200
0002299999922000
0000222222220000
0002211111122000
0022222222222200
0029222CC2229200
0022211111122200
0002122222212000
0000222002220000
=======
0000222222220000
0002222722222000
0002772772772000
0002772772772000
0002777777772000
0000277777720000
0002222222222000
0002333663332000
0002333993332000
0002333993332000
0002333993332000
0002733663372000
0002242222422000
0000242002420000
0000222002220000
>>>>>>> 43c48dd1b8139f385b9c8ce2beefea82b88a5ef1
