0000000000000000
0000002222000000
<<<<<<< HEAD
0000229999220000
0002999999992000
0029999999999200
0299999999999920
0299999999999920
0299999999999920
0299999999999920
0299949994999920
0299949994999920
0249944994499420
2449944494449442
0224444444444220
0002222222222000
0000000000000000
=======
0000226666220000
0002666666662000
0026666666666200
0266666666666620
0266666666666620
0266666666666620
0266666666666620
0266646664666620
0266646664666620
0246644664466420
2446644464446442
0224444444444220
0002222222222000
0000000000000000
>>>>>>> 5e455d7f93049b332546af60bbb796ea04f074f0
