0000000000000000
0000002222000000
<<<<<<< HEAD
0000229999220000
0002999999992000
0029992992999200
0299922992299920
0299922992299920
0299999999999920
0299999229999920
0299999999999920
0292942992492920
0249229999229420
2449999999999442
0224444444444220
0002222222222000
0000000000000000
=======
0000226666220000
0002666666662000
0026662662666200
0266622662266620
0266622662266620
0266666666666620
0266666226666620
0266666666666620
0262642662462620
0246226666226420
2446666666666442
0224444444444220
0002222222222000
0000000000000000
>>>>>>> 5e455d7f93049b332546af60bbb796ea04f074f0
