0000002222000000
<<<<<<< HEAD
0000224499200000
0002449999920000
0002499292992000
0024992292292000
0024992292292000
0024999929992000
0024922299992222
0249929299999292
0249249299992492
0249242999992420
0249249999992200
0249299999992000
0249999999920000
2499999994200000
2444444442000000
=======
0000224466200000
0002446666620000
0002466262662000
0024662262262000
0024662262262000
0024666626662000
0024622266662222
0246626266666262
0246246266662462
0246242666662420
0246246666662200
0246266666662000
0246666666620000
2466666664200000
2444444442000000
>>>>>>> 5e455d7f93049b332546af60bbb796ea04f074f0
