0000002222000000
<<<<<<< HEAD
0000029944220000
0000299999442000
0002992929942000
0002922922994200
0002922922994200
0002999299994200
2222999922294200
2929999929299420
2942999929429420
0242999992429420
0022999999429420
0002999999929420
0000299999999420
0000024999999942
0000002444444442
=======
0000026644220000
0000266666442000
0002662626642000
0002622622664200
0002622622664200
0002666266664200
2222666622264200
2626666626266420
2642666626426420
0242666662426420
0022666666426420
0002666666626420
0000266666666420
0000024666666642
0000002444444442
>>>>>>> 5e455d7f93049b332546af60bbb796ea04f074f0
