<<<<<<< HEAD
6006666666660006
6666222222226666
0662999999992660
6629999999999266
6629999999999266
6629999999999266
6629999999999266
0066299999926600
0066299999926600
0066296666926600
0066296666926600
0006629999266000
0000662222660000
0000066666600000
0000000000000000
0000000000000000
=======
0000022222200000
0002233333322000
0023333333333200
0233333333DD3320
023333333DDD3320
233333333DD33332
2333333333333332
2333333333333332
2333333333333332
2333333333333332
2333333333333332
0233333333333320
0022233333322200
0000022222200000
000BBBBBBBBBB000
00BBBBBBBBBBBB00
>>>>>>> 169addbbe3f6a371385d5ed212ca721619767ca5
