<<<<<<< HEAD
0000060066666006
0060600666666600
6000666666666006
0066222222226666
0062999999992660
0629999999999260
0629933999999260
0629339999999260
0062999999999260
0062999999992600
0066222999926000
0066666299260000
0066666669926000
0000629999926000
0006299922260000
0006622266660000
=======
0000022222200000
0002233333322000
0023333333333200
0233333333DD3320
023333333DDD3320
233333333DD33332
2333233333333332
2333233333333332
2333233333333332
2333333333333332
2333333333333332
0233333333333320
0023333333333200
0002333333332000
0000222222220000
00BBBBBBBBBBBB00
>>>>>>> 169addbbe3f6a371385d5ed212ca721619767ca5
