<<<<<<< HEAD
6006666600600000
0066666660060600
6006666666660006
6666222222226600
0062999999992660
0629999999999260
0629999993399260
0629999999339260
0629999999992600
0062999999992600
0006299992226600
0000629926666600
0006299666666600
0006299999260000
0000622299926000
0000666622266000
=======
0000022222200000
0002233333322000
0023333333333200
0233333333DD3320
023333333DDD3320
233333333DD33332
2333333333233332
2333333333233332
2333333333233332
2333333333333332
2333333333333332
0233333333333320
0233333333333320
0023333333333200
0002233333322000
0000022222200000
>>>>>>> 169addbbe3f6a371385d5ed212ca721619767ca5
