<<<<<<< HEAD
6006666666660006
6666222222226666
0662999999992660
6629339999339266
6629933993399266
6629999999999266
6629999999999266
0066299999926600
0066299999926600
0066296666926600
0066296666926600
0006629999266000
0000662222660000
0000066666600000
0000000000000000
0000000000000000
=======
0000022222200000
0002266666622000
0026666666666200
0266666666DD6620
026666666DDD6620
266666666DD66660
2666266666266662
2666266666266662
2666266666266662
2666666666666662
2666666666666662
0266666666666620
0266666666666620
0026666666666200
0002266666622000
0000022222200000
>>>>>>> 169addbbe3f6a371385d5ed212ca721619767ca5
