<<<<<<< HEAD
6000666666666006
0066222222226666
0062999999992660
0629999999999260
0629933999999260
0629339999999260
0062999999999260
0062999999992600
0066222999926000
0066666299260000
0066666669926000
0000629999926000
0006299922260000
0006622266660000
0000666666600060
=======
0000022222200000
0002266666622000
0026666666666200
0266666666DD6620
026666666DDD6620
266666666DD66662
2666266666666662
2666266666666662
2666266666666662
2666666666666662
2666666666666662
0266666666666620
0266666666666620
0026666666666200
0002266666622000
0000022222200000
>>>>>>> 169addbbe3f6a371385d5ed212ca721619767ca5
