<<<<<<< HEAD
0000066666000000
0060666666600600
6006666666660006
6666222222226666
0662999999992660
6629339999339266
6629933993399266
6629999999999266
6629999999999266
0066299999926600
0066299999926600
0066296666926600
0066296666926600
0006629999266000
0000662222660000
0000066666600000
=======
0000022222200000
0002233333322000
0023333333333200
0233333333DD3320
023333333DDD3320
233333333DD33330
2333233333233332
2333233333233332
2333233333233332
2333333333333332
2333333333333332
0233333333333320
0023333333333200
0002333333332000
0000222222220000
00BBBBBBBBBBBB00
>>>>>>> 169addbbe3f6a371385d5ed212ca721619767ca5
