<<<<<<< HEAD
0066666660060600
6006666666660006
6666222222226600
0062999999992660
0629999999999260
0629999993399260
0629999999339260
0629999999992600
0062999999992600
0006299992226600
0000629926666600
0606299666666600
0006299999260000
0060622299926000
0000666622266060
0600066666660000
=======
0000022222200000
0002266666622000
0026666666666200
0266666666DD6620
026666666DDD6620
266666666DD66662
2666666666266662
2666666666266662
2666666666266662
2666666666666662
2666666666666662
0266666666666620
0266666666666620
0026666666666200
0002266666622000
0000022222200000
>>>>>>> 169addbbe3f6a371385d5ed212ca721619767ca5
