<<<<<<< HEAD
0000222222220000
0002669966662000
0026666669966200
0266666669966620
2666996666666662
2666996666666662
2666666666666662
2222222222222222
0000292992920000
0000299999920000
0002999999992000
0029999999999200
0299999999999920
0299999999999920
0299999999999920
0022222222222200
=======
2222222222222222
2777777777777777
2777777777777777
2777777777777777
2777777777777777
2777777777777777
2777777777777777
2777777777777777
2777777777777777
2777777777777777
2777777777777777
2777777777777777
2777777777777777
2777777777777777
2777777777777777
2777777777777777
>>>>>>> 169addbbe3f6a371385d5ed212ca721619767ca5
