<<<<<<< HEAD
0000000000000000
0000000220000000
0000002772000000
0000027777200000
2222277777722222
2777772772777772
0277772772777720
0027772772777200
0002777777772000
0000277777720000
0002777777772000
0027777777777200
0277772002777720
2777720000277772
2222200000022222
0000000000000000
=======
2222222222222222
2777777777777777
2777777777777777
2777777777777777
2777777777777777
2777777777777777
2777777777777777
2777777777777777
2777777777777777
2777777777777777
27AAA777777AAA77
2AAAAA7777AAAAA7
2AAAAAAAAAAAAAAA
2AAAAAAAAAAAAAAA
2AAAAAAAAAAAAAAA
2AAAAAAAAAAAAAAA
>>>>>>> 169addbbe3f6a371385d5ed212ca721619767ca5
